function [ ret ] = getData(  )
%GETDATA Summary of this function goes here
%   Detailed explanation goes here
ret = [ 
18.58165

13.31287
25.30313
11.11213

12.3697

21.20519
10.32073

5.60485

20.38127

38.91955
14.94988

16.47847

10.77605

16.26165
12.41306
18.95024

17.23735

8.45606
14.67885
23.13491

11.8168
7.79475
18.73342

8.75961

26.33303

10.8411
47.58159

18.61417

7.44784
15.50277
22.6579

20.16445
31.02723

18.64669

12.7925
38.0089
20.74987

16.63025
12.41306

25.73677

38.70273

61.67502


14.70053

8.92223

12.35885
10.36409
22.72295
12.08241
10.89856
22.98096
11.16633

34.36629

7.69718

13.90154
12.26996

33.08704
15.02793
30.08947


12.22551

38.85233

45.68331


25.15135

13.29119

38.48591
30.35508

41.79244
11.8168

44.84963

22.63296

37.11234



30.89714

66.13071
9.61931
15.68057
19.47604
35.47316
22.80209
25.5373
39.56568
37.43757
10.16895
16.84707
36.04883
23.68997
18.74209
25.51453
18.36482
28.46006
13.85709
20.58617
23.07203
7.02395
13.85493
16.75926
9.09785
13.61967
12.12577
12.5334
9.63665
22.15921
9.89684
15.66973
33.55429
6.87109
16.32778
23.19887
33.25833
14.89892
31.50966
26.91412
46.92787
17.32299
23.60324
30.68899
21.49899
18.92314
39.48546
51.52124
23.22706
38.76561
33.39493
10.90615
36.94213
47.00484
12.78491
9.46211
12.53014
10.84977
32.00076




3.25233
4.33644
4.8785
6.50466
];

end

