data = [192.672
190.42
189
191.724
193.169
191.312
190.307
190.24
189.832
190.295
188.42
190.612
189.35
189.387
190.611
190.678
188.906
192.817
189.837
188.047
189.642
188.377
189.191
188.182
188.218
189.142
190.215
189.489
191.27
191.135
188.688
189.302
191.879
190.656
190.956
191.437
191.827
191.506
189.181
192.606
189.262
192.282
190.539
187.642
189.286
188.197
191.158
189.799
189.739
189.568
191.8
190.463
189.719
187.737
191.392
190.908
189.68
190.344
189.431
189.687
191.052
187.971
192.488
190.166
188.875
187.584
192.49
189.827
191.737
189.978
190.702
193.171
189.49
189.512
190.458
190.932
189.924
189.345
191.358
191.718
188.829
189.093
191.641
190.264
188.321
189.434
187.648
187.637
191.866
189.024
191.099
190.255
190.728
191.217
190.246
189.58
191.37
188.543
191.087
188.261
190.34
190.417
191.403
190.577
189.729
189.509
189.011
187.859
189.873
189.814
188.66
187.573
188.799
189.09
188.539
190.787
189.841
192.429
190.908
191.636
191.258
189.822
189.173
189.8
192.122
189.111
187.47
190.116
190.801
188.26
190.884
188.752
189.878
190.686
189.535
188.829
190.001
188.675
188.438
190.358
189.387
189.866
188.002
189.314
189.845
191.462
190.648
189.205
188.926
190.088
192.19
188.82
187.072
187.545
188.866
189.486
190.626
191.433
190.431
189.743
189.76
188.414
190.225
190.23
190.605
190.272
188.99
189.064
189.722
189.09
189.928
190.768
188.279
191.397
190.315
189.721
190.024
187.458
191.704
190.624
189.758
190.019
191.281
190.539
190.936
188.178
190.382
190.365
189.109
189.046
189.608
188.793
189.202
190.51
192.098
189.987
187.574
189.372
189.997
191.966
189.126
189.794
187.553
187.594
188.396
189.908
187.497
188.316
187.188
188.468
190.437
189.197
187.805
188.366
187.965
190.444
188.44
187.574
186.635
187.125
187.254
190.415
186.588
189.02
187.924
186.968
186.964
188.194
187.673
188.112
187.3
187.683
186.808
188.148
187.62
189.192
190.302
189.108
188.034
186.997
190.182
189.223
186.402
187.421
187.073
188.507
188.13
187.191
187.162
186.58
188.757
188.122
189.389
189.873
187.213
188.852
189.691
189.64
185.581
188.854
187.452
189.307
187.1
188.331
187.817
187.304
188.46
189.965
187.579
187.556
188.674
190.097
188.522
188.346
187.193
187.696
187.855
189.772
185.995
186.789
188.74
187.99
188.146
188.287
188.376
186.661
186.921
189.139
190.079
188.374
190.238
187.767
187.813
188.127
187.351
187.985
187.326
187.127
188.908
187.112
188.255
187.269
186.43
187.883
188.315
187.878
187.62
189.282
187.098
188.186
186.805
190.059
187.332
188.652
188.385
187.936
188.149
186.605
189.922
188.903
187.425
190.525
187.587
189.01
189.614
187.678
187.313
188.162
187.526
192.132
189.659
189.667
190.683
187.652
186.574
186.213
188.754
190.18
190.568
190.004
188.598
186.701
187.419
188.05
187.808
190.316
188.042
188.499
187.707
187.792
188.063
188.691
186.011
188.018
188.593
185.815
187.049
189.019
186.738
188.536
187.634
187.125
187.001
187.03
188.64
188.776
187.692
189.085
185.784
188.322
189.785
189.139
187.922
187.585
188.43
188.605
189.577
189.134
187.857
185.387
186.845
188.252
188.474
189.021
189.433
187.214
188.226
189.76
187.491
189.599
189.211
187.151
188.577
185.767
189.278
186.611
186.555
185.94
189.225
187.807
188.18
187.689
188.056
187.714
187.387
186.767
188.914
187.742
188.693
188.813
187.065
188.223
188.894
187.788
187.061
186.76
188.822
187.54
185.465
185.963
188.353
185.581
189.795
188.329
188.171
186.189
188.217
188.195
187.09
188.688
187.407
187.795
187.067
188.629
187.994
187.078
188.416
187.253
186.705
186.955
188.276
188.933
186.724
187.345
185.981
186.488
189.407
186.649
187.193
188.324
187.008
188.066
188.013
186.991
186.908
186.889
187.445
190.641
187.732
187.219
186.617
188.848
189.71
188.612
186.701
187
188.767
188.519
188.911
188.163
186.622
188.022
187.649
188.05
186.682
187.973
189.278
188.956
187.98
189.611
186.956
187.09
186.946
187.475
187.717
187.002
188.6
190.989
187.929
186.594
187.062
184.304
188.532
186.777
189.388
188.61
188.304
186.551
187.183
187.402
188.241
185.327
189.117
186.913
187.705
188.832
187.967
189.166
187.457
186.934
185.957
188.509
188.668
188.367
186.155
189.219
188.944
186.752
188.927
186.105
187.497
186.622
189.831
187.885
185.465
186.261
188.265
189.638
187.972
189.645
185.194
189.666
187.314
188.353
187.463
186.611
186.404
186.421
188.918
188.274
187.953
188.323
187.794
189.379
188.686
187.927
188.39
188.135
188.55
189.786
185.601
187.357
186.319
188.382
188.197
187.631
187.253
186.524
187.607
186.456
190.234
185.958
186.793
189.141
192.073
186.985
189.85
186.585
189.234
186.162
188.267
188.569
188.674
188.069
188.468
188.22
190.392
188.032
187.017
187.772
188.001
189.307
187.813
185.087
189.685
187.783
189.156
189.46
186.342
187.807
186.015
187.642
187.204
187.979
188.898
188.32
186.816
188.011
187.499
187.684
188.804
187.572
188.6
187.319
190.153
189.423
186.218
187.305
187.423
188.768
187.312
187.789
190.596
187.234
188.858
189.379
186.162
187.627
188.458
188.126
189.137
187.956
186.92
189.639
187.57
186.664
187.544
188.032
189.183
187.086
185.593
190.173
188.522
187.941
185.407
190.494
188.987
187.187
187.872
188.194
188.292
191.65
189.144
187.15
187.152
188.588
185.34
188.069
186.557
186.516
189.631
188.231
186.922
188.301
187.32
189.756
189.827
185.419
189.268
188.471
186.788
188.867
187.097
188.152
187.895
187.63
187.554
189.625
190.15
187.753
189.118
187.85
188.205
188.375
187.659
187.636
187.864
187.774
186.225
188.146
186.198
187.673
189.471
188.604
188.507
188.797
187.436
187.72
188.457
189.028
187.697
188.499
187.873
188.248
188.309
188.75
188.14
188.784
186.947
187.724
190.515
188.047
187.896
188.326
187.13
188.026
187.462
187.115
189.091
186.913
187.012
188.833
188.464
189.221
188.127
188.261
188.296
188.748
187.697
187.656
188.949
188.508
188.651
188.713
186.978
190.139
187.32
189.476
191.507
186.495
186.7
187.454
189.115
189.31
186.835
188.024
187.626
188.319
189.585
188.107
188.969
189.172
187.105
187.56
190.066
189.905
188.781
188.832
188.277
185.512
187.221
189.345
187.788
188.208
189.231
190.262
188.057
188.287
186.977
190.024
187.983
186.78
189.071
189.775
189.494
188.514
189.254
187.206
188.81
188.121
189.719
187.891
190.549
187.778
190.403
188.23
187.308
188.828
189.238
186.581
185.911
187.639
188.887
189.787
186.624
189.072
187.162
188.243
189.718
188.595
187.849
187.888
187.267
189.056
188.081
189.282
190.464
187.276
188.927
186.283
189.019
187.517
187.214
187.385
189.527
187.591
187.527
188.82
187.192
187.464
190.97
187.377
186.553
188.13
187.985
189.268
186.731
188.91
187.329
188.165
189.749
188.266
186.696
188.518
186.879
188.238
188.322
187.303
189.128
188.614
187.057
187.84
186.757
186.546
186.19
187.031
188.805
186.965
187.113
186.428
187.555
188.633
188.361
186.8
189.054
188.72
187.664
187.941
188.746
188.352
188.864
186.963
187.932
188.305
186.195
189.908
188.497
188.246
190.607
186.458
187.637
185.91
188.917
189.144
188.282
187.165
186.56
187.846
188.446
190.254
186.312
187.803
188.057
188.393
189.155
187.407
186.884
188.229
188.008
186.986
187.344
188.204
188.472
190.263
188.381
189.431
188.037
188.077
187.184
189.744
187.385
186.802
186.443
185.224
188.904
186.826
186.922
190.302
185.012
189.378
187.861
187.717
186.795
189.433
187.282
189.149
188.703
188.807
189.481
187.405
189.71
187.913
187.832
189.073
190.312
187.31
187.002
187.882
185.351
189.192
186.84
188.288
188.323
187.725
186.832
186.481
188.897
186.801
187.935
188.577
187.279
188.79
189.546
188.92
186.083
189.276
190.219
190.409
188.062
189.132
186.771
189.045
186.784
185.679
188.096
188.561
186.324
187.911
189.196
187.031
188.455
189.406
187.111
188.735
187.384
189.512
189.395
188.862
187.243
188.686
188.915
188.17
186.301
187.345
189.138
188.414
187.568
190.926
187.949
185.699
186.826
189.899
189.068
188.22
187.533
188.664
188.301
186.704
186.95
188.438
186.739
187.624
188.94
188.148
188.01
186.675
188.478
188.336
188.726
185.813
188.731
187.875
188.524
188.993
188.938
187.462
188.956
187.279
186.273
188.634
188.118
187.678
186.153
188.056
187.592
188.14
188.868
186.844
189.423
187.172
188.415
190.254
190.273
